200	18556092
304	1600578
302	438126
404	124116
786	2166
5866	1764
HTTP/1.0	1632
234	1572
363	1560
669	1542
403	1350
7071	1008
1204	978
-	805
7089	768
7131	588
500	390
3635	306
1713	294
7067	258
1173	252
7096	246
501	246
1602	234
509	228
11853	228
7034	222
8677	210
598	198
46573	192
127045	192
7062	162
4179	162
40310	162
13116	162
12054	162
527	150
3260	150
7074	144
49152	138
18556	126
8678	120
46053	120
280014	114
9630	108
8083	108
751	108
7280	108
7011	108
12859	102
101267	102
4673	96
6685	90
66764	90
1932	90
94578	84
4209	84
28426	84
84905	78
7634	78
704	78
5978	78
5026	78
4247	78
3985	78
18149	78
141308	78
59520	72
543	72
4324	72
2537	72
launch	66
85750	60
651	60
44877	60
1879	60
1687	60
13994	60
5086	54
3214	54
308	54
3047	54
30232	54
1583	54
156	54
14298	54
9202	48
71319	48
35540	48
240458	48
18114	48
159813	48
130724	48
1289	48
Measurement	42
84907	42
7008	42
66202	42
6168	42
52491	42
5220	42
515	42
3841	42
25218	42
Radar-C	36
86984	36
7185	36
58026	36
45966	36
4441	36
3977	36
298302	36
25439	36
2261	36
190269	36
152676	36
13372	36
11996	36
1157	36
11175	36
is	30
891	30
8529	30
7025	30
69067	30
65576	30
65536	30
5052	30
4722	30
40960	30
3723	30
3714	30
31242	30
30995	30
2489	30
21957	30
1871	30
16966	30
1414	30
107133	30
10495	30
97	24
946425	24
7087	24
67171	24
6658	24
55666	24
48511	24
48305	24
46888	24
44153	24
42732	24
4142	24
3998	24
39654	24
3938	24
39017	24
3850	24
374	24
3674	24
3584	24
3542	24
34657	24
305722	24
27063	24
26990	24
263	24
25000	24
1851	24
1659	24
1589	24
152679	24
14440	24
143703	24
13566	24
1318	24
1165	24
11264	24
110	24
1081049	24
Spaceflight	18
9925	18
98304	18
96265	18
8495	18
835394	18
8089	18
712	18
6754	18
66554	18
6608	18
64910	18
57344	18
5544	18
5462	18
4745	18
4665	18
45970	18
4538	18
36998	18
36902	18
3585	18
3530	18
34688	18
3381	18
3334	18
3258	18
306	18
30067	18
29634	18
29263	18
28847	18
28291	18
2522	18
2443	18
2355	18
2286	18
2092	18
20271	18
17314	18
17083	18
16991	18
16102	18
16020	18
15528	18
1440	18
13-info.html	18
13664	18
13622	18
13586	18
133580	18
13328	18
12451	18
11473	18
111	18
108434	18
107330	18
1055	18
104455	18
10099	18
1007	18
OKDate:	12
959	12
945	12
936810	12
92620	12
92476	12
871	12
8340	12
79088	12
761	12
76048	12
74267	12
73728	12
73231	12
72117	12
70524	12
692912	12
6922	12
69005	12
6861	12
6720	12
6661	12
6588	12
64939	12
64620	12
5878	12
5862	12
5679	12
55051	12
530	12
49553	12
49449	12
4796	12
47145	12
45846	12
4524	12
43551	12
4204	12
41397	12
4109	12
400	12
378	12
3750	12
372	12
368	12
36712	12
34029	12
3347	12
3345	12
33306	12
329521	12
3274	12
32252	12
3054	12
29717	12
29301	12
29213	12
286	12
283389	12
28219	12
27831	12
2732	12
2727	12
2676	12
26554	12
2602	12
2435	12
235862	12
225774	12
2244	12
215409	12
21524	12
209237	12
20224	12
20100	12
192755	12
19084	12
18304	12
17866	12
177395	12
17459	12
1732	12
1726	12
16979	12
169190	12
164056	12
16376	12
160543	12
159062	12
1547	12
14915	12
1478	12
14745	12
1457	12
145080	12
1434	12
14176	12
14136	12
1404	12
13info.html	12
1387	12
138467	12
13775	12
13644	12
13387	12
13380	12
133693	12
131166	12
127557	12
12418	12
12290	12
12040	12
11934	12
1193	12
115498	12
11417	12
1135	12
1121554	12
109592	12
1087	12
10397	12
SRC=images/small34p.gif/	6
Shuttle	6
pages.	6
PAGE</a><br>	6
of	6
Oct	6
Launches	6
kit,txt	6
info	6
/images	6
headers	6
Atmospheric	6
9978	6
9867	6
9866	6
97545	6
97042	6
96	6
9648	6
96469	6
96036	6
956	6
9384	6
9258	6
92549	6
922	6
90755	6
90112	6
8957	6
89,262	6
89,234	6
88567	6
8763	6
8657	6
86468	6
8528	6
8492	6
84494	6
8439	6
83915	6
8337	6
821965	6
8192	6
81920	6
796	6
78588	6
7838	6
78382	6
78183	6
77899	6
77646	6
761856	6
75486	6
752	6
75208	6
75171	6
74169	6
7327	6
7312	6
726461	6
7233	6
7225	6
7175	6
71656	6
71655	6
71654	6
7129	6
7124	6
71022	6
70128	6
696	6
6963	6
68	6
68593	6
6849	6
6829	6
6814	6
67310	6
664733	6
655360	6
653	6
6506	6
64427	6
64379	6
64318	6
63942	6
6383	6
6359	6
6354	6
62921	6
6245	6
6174	6
6087	6
6077	6
59752	6
593699	6
5864	6
58176	6
581632	6
5730	6
569688	6
5494	6
54091	6
53510	6
53507	6
53047	6
52516	6
5231	6
5163	6
5146	6
5099	6
50896	6
5008	6
49707	6
4970	6
49705	6
49590	6
4904	6
48892	6
4832	6
47609	6
47257	6
4717	6
4714	6
47122	6
4656	6
4655	6
46033	6
46003	6
456893	6
45632	6
4452	6
442368	6
440	6
439760	6
4393	6
43554	6
43204	6
4236	6
421	6
4099	6
4060	6
4048	6
4045	6
3995	6
3933	6
39252	6
3889	6
3872	6
38361	6
381	6
3815	6
3806	6
377	6
37707	6
3751	6
372172	6
3703	6
36366	6
3607	6
3592	6
35709	6
3543	6
3524	6
34561	6
34546	6
3389	6
333863	6
33360	6
32885	6
32582	6
32511	6
3225	6
32215	6
32187	6
3216	6
31725	6
3120	6
311519	6
3092	6
3089	6
3076	6
3065	6
305	6
3031	6
3014	6
30043	6
299403	6
29864	6
2979	6
297851	6
29462	6
294233	6
2941	6
2938	6
29279	6
2900	6
286720	6
28567	6
27951	6
2794	6
27543	6
2751	6
27286	6
26778	6
2673	6
266273	6
261008	6
2582	6
25814	6
2557	6
2545	6
254209	6
2527	6
25257	6
2475	6
2423	6
241160	6
240531	6
23435	6
23416	6
2322	6
229376	6
229209	6
2282	6
2263	6
225	6
220803	6
2178	6
21423	6
21421	6
21277	6
210472	6
209976	6
20903	6
20684	6
203429	6
2032	6
20316	6
20227	6
20113	6
200688	6
199220	6
198390	6
198285	6
19662	6
196608	6
193196	6
191829	6
19092	6
188666	6
188546	6
185370	6
18528	6
182914	6
182323	6
18128	6
18111	6
1809	6
178735	6
17777	6
17688	6
1748	6
1744	6
173980	6
1733	6
171925	6
1712	6
170295	6
167533	6
167448	6
16567	6
164281	6
1639	6
163840	6
163786	6
1633	6
163182	6
1629	6
162913	6
162777	6
162605	6
16197	6
161920	6
161232	6
161060	6
15815	6
156447	6
1549	6
153725	6
15361	6
153362	6
1521	6
1498	6
14977	6
149114	6
14897	6
14873	6
147490	6
147456	6
146325	6
145520	6
14489	6
1431	6
1428	6
142188	6
142051	6
14108	6
140927	6
140745	6
1400	6
-13-info.html	6
1395	6
139264	6
1391	6
1382	6
1380	6
13659	6
13605	6
13583	6
13539	6
1349	6
13453	6
13450	6
134392	6
1343	6
133376	6
1331	6
131104	6
1306	6
1284	6
127711	6
12722	6
12560	6
12283	6
1224	6
12169	6
12118	6
11963	6
119623	6
118869	6
117168	6
11644	6
116194	6
114688	6
113886	6
1136	6
11326	6
112815	6
112573	6
1117	6
110694	6
11026	6
1100	6
10966	6
1082916	6
108069	6
106418	6
106334	6
105768	6
104987	6
104916	6
104	6
10432	6
1038	6
10136	6
100481	6
100268	6
0	6
